t = 0
b = 21.051049002838713 21.051049002838713 21.051049002838713
E = 0 0 0
-0.20521208599540125 -0.3986778146332049 0.3986778146332049 0.34202014332566877 0.6644630243886749 -0.6644630243886749 -0.0 -0.7071067811865476 -0.7071067811865476 0 0 0 0 0 0
0.14805443861417625 -0.1355407144345891 0.6867486302691366 -0.24675739769029376 0.6852411205864382 -0.6852411205864382 -0.0 -0.7071067811865476 -0.7071067811865476 0 0 0 0 0 0
0.4498687217806406 0.27047839016664355 0.8319374415024515 -0.7497812029677343 0.46788254277984 -0.46788254277984 -0.0 -0.7071067811865476 -0.7071067811865476 0 0 0 0 0 0
0.5953435239601033 0.774057307699365 0.8795664398042778 -0.9922392066001722 0.08792427675409403 -0.08792427675409403 -0.0 -0.7071067811865476 -0.7071067811865476 0 0 0 0 0 0
0.5339230852868813 1.2959696213474916 0.9088620419906985 -0.8898718088114688 -0.32258964946399415 0.32258964946399415 -0.0 -0.7071067811865476 -0.7071067811865476 0 0 0 0 0 0
0.2869523871727911 1.7506176475350137 1.0054219316377244 -0.4782539786213185 -0.6209964299144077 0.6209964299144077 -0.0 -0.7071067811865476 -0.7071067811865476 0 0 0 0 0 0
-0.05974070795748991 2.075779552753753 1.2314679422535326 0.09956784659581652 -0.7035930087501837 0.7035930087501837 -0.0 -0.7071067811865476 -0.7071067811865476 0 0 0 0 0 0
-0.3856725658119235 2.254232837672738 1.6042225731690951 0.6427876096865391 -0.5416752204197022 0.5416752204197022 -0.0 -0.7071067811865476 -0.7071067811865476 0 0 0 0 0 0
-0.5775745481700073 2.3197395423243847 2.0899237843519956 0.9626242469500121 -0.19151313164365794 0.19151313164365794 -0.0 -0.7071067811865476 -0.7071067811865476 0 0 0 0 0 0
-0.5687564077002791 2.345313179189252 2.615558063321677 0.9479273461671319 0.22520407011035426 -0.22520407011035426 -0.0 -0.7071067811865476 -0.7071067811865476 0 0 0 0 0 0
-0.36228264619528666 2.4178448983558005 3.0942342599896757 0.6038044103254778 0.563657801361563 -0.563657801361563 -0.0 -0.7071067811865476 -0.7071067811865476 0 0 0 0 0 0
-0.029907531396418784 2.6079068620394725 3.4553802121405504 0.049845885660697975 0.7062277917508986 -0.7062277917508986 -0.0 -0.7071067811865476 -0.7071067811865476 0 0 0 0 0 0
0.3128611220276987 2.9452268337712386 3.6692681562433327 -0.5214352033794979 0.603367768726745 -0.603367768726745 -0.0 -0.7071067811865476 -0.7071067811865476 0 0 0 0 0 0
0.546903511387004 3.4083571131416237 3.757345792707495 -0.9115058523116734 0.2908238996382262 -0.2908238996382262 -0.0 -0.7071067811865476 -0.7071067811865476 0 0 0 0 0 0
0.590884651807325 3.9321280932232163 3.784782728460449 -0.9848077530122084 -0.12278780396897232 0.12278780396897232 -0.0 -0.7071067811865476 -0.7071067811865476 0 0 0 0 0 0
0.429520109555832 4.430296162124774 3.837822575393439 -0.71586684925972 -0.493727988942779 0.493727988942779 -0.0 -0.7071067811865476 -0.7071067811865476 0 0 0 0 0 0
0.11888768591963843 4.825515294410497 3.9938113589422635 -0.19814614319939738 -0.6930866128901945 0.6930866128901945 -0.0 -0.7071067811865476 -0.7071067811865476 0 0 0 0 0 0
-0.23306087776481724 5.076216531463048 4.29431803772426 0.3884347962746954 -0.6515820781156569 0.6515820781156569 -0.0 -0.7071067811865476 -0.7071067811865476 0 0 0 0 0 0
-0.5040155538904627 5.1910541278830715 4.730688357138786 0.8400259231507713 -0.38363814228690474 0.38363814228690474 -0.0 -0.7071067811865476 -0.7071067811865476 0 0 0 0 0 0
-0.5998135092004898 5.225898003715605 5.2470523971407985 0.9996891820008165 0.017628661187661654 -0.017628661187661654 -0.0 -0.7071067811865476 -0.7071067811865476 0 0 0 0 0 0
-0.4871628034295143 5.264417692878302 5.75974062381265 0.8119380057158572 0.41276910911195674 -0.41276910911195674 -0.0 -0.7071067811865476 -0.7071067811865476 0 0 0 0 0 0
-0.20521208599540125 3.12327569558046 0.3986778146332049 0.34202014332566877 0.6644630243886749 -0.6644630243886749 -0.0 -0.7071067811865476 -0.7071067811865476 0 0 0 0 0 0
0.14805443861417625 3.386412795779076 0.6867486302691366 -0.24675739769029376 0.6852411205864382 -0.6852411205864382 -0.0 -0.7071067811865476 -0.7071067811865476 0 0 0 0 0 0
0.4498687217806406 3.7924319003803086 0.8319374415024515 -0.7497812029677343 0.46788254277984 -0.46788254277984 -0.0 -0.7071067811865476 -0.7071067811865476 0 0 0 0 0 0
0.5953435239601033 4.29601081791303 0.8795664398042778 -0.9922392066001722 0.08792427675409403 -0.08792427675409403 -0.0 -0.7071067811865476 -0.7071067811865476 0 0 0 0 0 0
0.5339230852868813 4.817923131561156 0.9088620419906985 -0.8898718088114688 -0.32258964946399415 0.32258964946399415 -0.0 -0.7071067811865476 -0.7071067811865476 0 0 0 0 0 0
0.2869523871727911 5.272571157748678 1.0054219316377244 -0.4782539786213185 -0.6209964299144077 0.6209964299144077 -0.0 -0.7071067811865476 -0.7071067811865476 0 0 0 0 0 0
-0.05974070795748991 5.597733062967418 1.2314679422535326 0.09956784659581652 -0.7035930087501837 0.7035930087501837 -0.0 -0.7071067811865476 -0.7071067811865476 0 0 0 0 0 0
-0.3856725658119235 5.776186347886402 1.6042225731690951 0.6427876096865391 -0.5416752204197022 0.5416752204197022 -0.0 -0.7071067811865476 -0.7071067811865476 0 0 0 0 0 0
-0.5775745481700073 5.84169305253805 2.0899237843519956 0.9626242469500121 -0.19151313164365794 0.19151313164365794 -0.0 -0.7071067811865476 -0.7071067811865476 0 0 0 0 0 0
-0.5687564077002791 5.867266689402917 2.615558063321677 0.9479273461671319 0.22520407011035426 -0.22520407011035426 -0.0 -0.7071067811865476 -0.7071067811865476 0 0 0 0 0 0
-0.36228264619528666 5.939798408569465 3.0942342599896757 0.6038044103254778 0.563657801361563 -0.563657801361563 -0.0 -0.7071067811865476 -0.7071067811865476 0 0 0 0 0 0
-0.029907531396418784 6.1298603722531375 3.4553802121405504 0.049845885660697975 0.7062277917508986 -0.7062277917508986 -0.0 -0.7071067811865476 -0.7071067811865476 0 0 0 0 0 0
0.3128611220276987 6.467180343984904 3.6692681562433327 -0.5214352033794979 0.603367768726745 -0.603367768726745 -0.0 -0.7071067811865476 -0.7071067811865476 0 0 0 0 0 0
0.546903511387004 6.93031062335529 3.757345792707495 -0.9115058523116734 0.2908238996382262 -0.2908238996382262 -0.0 -0.7071067811865476 -0.7071067811865476 0 0 0 0 0 0
0.590884651807325 7.454081603436881 3.784782728460449 -0.9848077530122084 -0.12278780396897232 0.12278780396897232 -0.0 -0.7071067811865476 -0.7071067811865476 0 0 0 0 0 0
0.429520109555832 7.952249672338439 3.837822575393439 -0.71586684925972 -0.493727988942779 0.493727988942779 -0.0 -0.7071067811865476 -0.7071067811865476 0 0 0 0 0 0
0.11888768591963843 8.347468804624162 3.9938113589422635 -0.19814614319939738 -0.6930866128901945 0.6930866128901945 -0.0 -0.7071067811865476 -0.7071067811865476 0 0 0 0 0 0
-0.23306087776481724 8.598170041676713 4.29431803772426 0.3884347962746954 -0.6515820781156569 0.6515820781156569 -0.0 -0.7071067811865476 -0.7071067811865476 0 0 0 0 0 0
-0.5040155538904627 8.713007638096736 4.730688357138786 0.8400259231507713 -0.38363814228690474 0.38363814228690474 -0.0 -0.7071067811865476 -0.7071067811865476 0 0 0 0 0 0
-0.5998135092004898 8.747851513929268 5.2470523971407985 0.9996891820008165 0.017628661187661654 -0.017628661187661654 -0.0 -0.7071067811865476 -0.7071067811865476 0 0 0 0 0 0
-0.4871628034295143 8.786371203091967 5.75974062381265 0.8119380057158572 0.41276910911195674 -0.41276910911195674 -0.0 -0.7071067811865476 -0.7071067811865476 0 0 0 0 0 0
